3152.10
3172.40
3201.50
3200.10
3204.80
3203.90
3209.50
3199.50
3185.60
3246.20
3258.50
3249.60
3265.00
3254.00
3223.40
3255.80
3226.70
3232.80
3240.60
3272.10
3225.00
3244.90
3223.40
3234.10
3272.80
3257.60
3255.60
3225.40
3245.10
3251.60
3276.80
3246.70
3246.00
3224.70
3230.60
3280.60
3280.20
3282.20
3257.80
3283.30
3269.50
3267.70
3275.30
3290.30
3268.30
3241.50
3221.60
3215.10
3231.00
3208.60
3208.60
3235.90
3236.40
3256.00
3254.30
3261.40
3275.90
3272.10
3261.00
3259.40
3267.70
3231.40
3235.20
3235.50
3249.30
3234.10
3249.30
3275.50
3213.60
3181.80
3225.60
3255.40
3269.90
3307.00
3353.80
3365.60
3336.30
3343.30
3338.80
3348.60
3324.00
3304.50
3308.10
3333.20
3359.10
3336.10
3378.10
3360.00
3369.40
3363.40
3369.40
3397.60
3385.10
3392.00
3368.90
3353.10
3376.00
3398.00
3393.80
3378.70
3386.80
3364.20
3370.40
3398.40
3396.90
3413.20
3396.10
3407.00
3399.70
3398.70
3404.10
3369.90
3343.20
3352.00
3354.40
3354.90
3329.50
3287.80
3274.40
3285.40
3280.80
3285.60
3290.70
3284.00
3282.70
3319.90
3318.80
3354.10
3330.30
3339.20
3295.20
3293.60
3324.10
3330.60
3337.30
3358.40
3345.40
3361.10
3331.10
3303.30
3307.90
3277.60
3290.00
3285.70
3282.20
3334.10
3379.20
3391.90
3393.80
3395.40
3384.30
3365.10
3340.60
3332.20
3337.60
3331.10
3320.80
3313.30
3328.90
3324.90
3329.50
3307.10
3304.90
3254.10
3228.20
3232.20
3246.80
3254.60
3267.60
3257.40
3266.30
3290.30
3292.20
3281.90
3260.60
3271.40
3305.20
3306.80
3375.40
3327.30
3319.20
3315.70
3327.10
3320.80
3280.90
3279.00
3287.90
3250.30
3276.30
3266.80
3271.70
3254.40
3200.60
3179.00
3178.20
3152.30
3176.00
3136.60
3174.40
3201.40
3195.50
3174.70
3174.40
3188.50
3186.00
3187.10
3200.90
3207.60
3244.10
3235.70
3251.40
3230.60
3226.30
3262.20
3252.50
3223.00
3243.80
3240.10
3240.90
3225.50
3240.30
3239.80
3233.00
3205.70
3193.30
3207.40
3209.80
3227.40
3223.00
3248.70
3266.30
3282.70
3305.20
3294.40
3286.30
3276.50
3289.00
3307.30
3322.20
3323.80
3311.90
3304.10
3292.20
3284.40
3255.20
3270.90
3313.30
3312.50
3321.10
3313.50
3326.20
3333.30
3310.80
3321.10
3301.10
3309.20
3307.90
3305.20
3269.00
3251.70
3262.80
3264.60
3263.60
3267.90
3271.10
3274.90
3256.00
3242.00
3253.00
3257.90
3292.20
3299.00
3291.40
3306.30
3310.00
3332.20
3328.90
3374.10
3416.70
3442.10
3437.50
3414.60
3412.40
3422.70
3392.20
3309.50
3312.20
3302.20
3322.20
3343.00
3323.30
3356.50
3365.10
3370.80
3355.40
3400.50
3404.00
3398.90
3404.60
3469.40
3472.10
3478.30
3456.70
3427.80
3442.40
3443.00
3426.70
3465.60
3470.80
3463.50
3450.50
3445.40
3461.30
3440.30
3455.10
3457.30
3435.10
3439.40
3370.80
3379.20
3377.60
3397.00
3396.50
3428.40
3444.00
3455.60
3456.50
3478.60
3467.00
3443.50
3439.40
3428.60
3413.80
3398.40
3415.90
3413.50
3425.10
3439.40
3446.50
3446.20
3449.10
3441.90
3437.20
3443.30
3468.80
3482.00
3448.00
3437.50
3449.90
3444.40
3500.00
3523.30
3492.80
3507.80
3516.60
3541.00
3554.80
3527.40
3552.30
3553.50
3544.90
3545.10
3532.10
3510.50
3511.90
3492.00
3505.00
3514.10
3492.00
3511.70
3528.30
3494.80
3510.80
3497.50
3466.80
3490.60
3491.20
3530.20
3518.90
3516.10
3510.50
3484.00
3449.90
3475.70
3514.40
3521.10
3524.40
3515.40
3542.60
3550.90
3528.30
3535.30
3544.80
3555.10
3525.20
3546.70
3567.70
3565.50
3553.50
3567.10
3539.50
3561.00
3561.30
3552.10
3549.00
3560.40
3576.10
3573.30
3583.40
3569.10
3569.70
3579.20
3587.00
3604.90
3612.10
3614.60
3606.00
3639.00
3652.10
3648.20
3640.60
3641.30
3651.30
3645.10
3626.10
3633.90
3607.10
3588.90
3589.50
3621.90
3634.20
3615.80
3633.70
3630.60
3613.30
3575.80
3537.20
3547.00
3539.80
3543.10
3567.70
3566.00
3566.30
3555.10
3581.10
3577.80
3587.30
3599.00
3583.60
3584.70
3593.40
3593.10
3603.20
3621.60
3629.70
3642.30
3635.30
3645.10
3637.30
3649.30
3673.60
3672.50
3664.70
3687.90
3680.60
3692.60
3697.60
3661.90
3625.00
3643.40
3647.90
3640.10
3663.60
3663.00
3684.50
3677.50
3710.80
3704.35
3685.30
3693.17
3670.30
3674.20
3687.60
3684.00
3677.80
3685.10
3697.10
3702.10
3704.10
3710.20
3718.90
3734.50
3729.80
3740.70
3764.40
3742.60
3716.90
3726.10
3751.60
3755.20
3745.20
3762.20
3757.70
3792.90
3793.80
3794.30
3775.90
3754.10
3756.60
3783.90
3798.80
3803.90
3820.80
3864.95
3850.30
3848.30
3842.40
3867.20
3870.30
3870.30
3884.40
3892.00
3914.50
3912.80
3895.30
3908.00
3926.30
3945.43
3978.40
3964.00
3975.50
3967.70
3871.40
3906.30
3906.00
3931.90
3895.30
3894.80
3904.10
3928.30
3937.30
3922.60
3887.50
3911.70
3890.80
3839.90
3838.80
3832.00
3809.20
3831.70
3824.40
3832.30
3856.20
3851.70
3853.40
3830.60
3862.70
3863.00
3849.60
3848.20
3865.10
3895.70
3864.90
3862.60
3869.46
3821.10
3774.70
3762.40
3699.00
3626.80
3634.50
3593.93
3675.40
3679.70
3693.30
3674.30
3688.80
3681.70
3661.50
3663.30
3661.50
3620.40
3619.80
3599.30
3652.50
3648.70
3705.80
3699.50
3668.30
3681.70
3701.00
3714.40
3697.80
3695.67
3669.50
3629.34
3656.40
3629.64
3652.80
3659.70
3671.50
3720.60
3732.90
3759.00
3765.70
3742.40
3745.20
3755.30
3753.50
3757.10
3758.40
3760.80
3759.00
3772.20
3768.50
3755.90
3749.50
3753.10
3773.50
3783.43
3814.80
3790.40
3811.30
3776.10
3741.58
3708.00
3724.80
3698.77
3636.90
3685.50
3669.60
3667.10
3625.00
3646.60
3652.50
3674.50
3688.40
3709.10
3703.00
3702.70
3705.90
3739.30
3753.80
3755.40
3748.30
3727.30
3732.40
3735.00
3741.84
3735.70
3720.50
3730.83
3764.50
3798.20
3796.20
3792.00
3765.79
3747.02
3753.80
3756.10
3766.80
3750.90
3768.70
3760.30
3784.60
3776.48
3755.40
3755.10
3751.20
3775.83
3846.70
3829.90
3881.40
3898.90
3917.30
3913.10
3901.40
3885.60
3898.70
3886.30
3907.78
3874.80
3861.02
3879.90
3895.30
3953.50
3933.40
3936.38
3869.10
3851.60
3837.10
3831.80
3849.20
3863.04
3878.18
3854.60
3843.20
3846.90
3801.10
3787.30
3775.60
3798.10
3821.32
3876.80
3876.83
3889.90
3910.50
3923.90
3917.50
3936.00
3911.10
3891.30
3855.30
3850.60
3848.91
3875.10
3930.70
3907.78
3863.40
3837.10
3845.90
3807.50
3808.90
3810.60
3831.80
3821.65
3801.50
3829.70
3826.40
3845.20
3828.05
3815.30
3769.50
3678.00
3674.60
3708.30
3739.60
3738.60
3739.20
3700.90
3745.60
3741.90
3744.90
3735.50
3685.70
3691.10
3718.40
3715.30
3746.30
3765.80
3806.85
3790.70
3768.20
3801.80
3814.90
3833.80
3861.70
3839.50
3833.40
3834.40
3838.50
3857.60
3850.90
3867.40
3861.40
3866.70
3862.00
3859.00
3908.50
3932.30
3930.70
3928.30
3882.20
3869.40
3867.40
3862.70
3871.40
3870.40
3858.00
3832.10
3843.90
3847.60
3872.12
3928.60
3937.70
3937.40
3935.40
3932.70
3939.10
3954.20
3958.30
3986.20
3969.69
3953.50
3964.00
3973.73
4003.30
4011.70
3988.60
4011.10
3994.80
3979.90
3989.60
3997.60
3962.60
3979.20
3984.10
4035.60
4025.60
4048.80
4038.40
4069.20
4073.70
4083.70
4072.60
4083.00
4087.80
4138.70
4156.65
4151.80
4160.80
4172.20
4157.70
4168.41
4201.60
4200.60
4205.40
4192.60
4198.20
4187.10
4197.80
4208.20
4195.40
4179.10
4207.50
4231.40
4270.10
4304.00
4300.20
4299.80
4314.70
4321.30
4316.10
4328.90
4373.10
4359.70
4343.40
4383.90
4390.80
4404.60
4411.20
4430.60
4437.50
4435.00
4422.26
4340.60
4341.33
4395.60
4436.40
4438.16
4412.20
4377.00
4378.70
4465.10
4472.80
4444.40
4476.60
4484.50
4462.00
4458.20
4424.00
4447.20
4484.50
4491.10
4496.61
4510.80
4553.70
4550.60
4547.80
4589.60
4585.80
4551.30
4542.60
4556.80
4550.60
4556.10
4585.10
4615.20
4664.00
4702.70
4702.40
4680.60
4727.30
4726.08
4708.80
4735.90
4686.30
4628.90
4641.60
4641.50
4668.70
4714.50
4707.41
4732.80
4715.50
4708.50
4700.40
4690.10
4701.40
4683.50
4693.30
4693.30
4671.50
4647.50
4615.80
4652.50
4634.20
4628.50
4640.50
4628.20
4618.30
4618.00
4592.20
4584.90
4611.60
4591.20
4615.50
4605.30
4610.20
4660.20
4675.70
4685.20
4683.10
4703.50
4718.70
4741.20
4765.50
4801.80
4795.60
4780.80
4766.30
4788.70
4767.80
4766.30
4770.30
4763.10
4763.10
4787.60
4789.80
4763.10
4749.30
4740.00
4762.40
4767.00
4721.50
4719.00
4737.80
4765.60
4794.10
4784.80
4794.50
4779.00
4802.50
4795.20
4758.00
4784.40
4754.40
4703.80
4742.84
4756.90
4753.70
4767.00
4805.70
4825.60
4814.70
4795.90
4851.20
4864.20
4867.80
4870.40
4867.50
4922.40
4969.70
4990.30
4980.60
5022.80
5042.00
5048.84
5070.50
5077.00
5107.00
5075.60
5086.40
5138.40
5176.00
5199.10
5159.40
5156.10
5183.20
5171.70
5217.20
5185.40
5174.20
5075.60
5110.30
5057.51
5096.20
5098.00
5106.60
5106.28
5096.50
5115.70
5177.10
5191.20
5173.10
5181.10
5197.70
5127.20
5033.70
5065.80
5060.40
5044.10
5086.40
5065.82
5124.70
5184.00
5219.70
5193.71
5244.30
5214.30
5271.40
5306.10
5378.70
5394.90
5402.90
5373.30
5407.60
5458.20
5488.50
5539.50
5541.30
5593.60
5599.10
5578.10
5552.10
5502.20
5454.90
5516.33
5608.50
5629.10
5564.00
5547.80
5506.20
5488.20
5535.12
5600.90
5643.50
5630.00
5636.60
5470.80
5580.60
5581.70
5569.10
5586.40
5585.70
5683.60
5668.80
5652.20
5628.30
5638.40
5642.80
5670.60
5624.70
5633.40
5588.60
5637.40
5671.70
5689.70
5679.99
5595.10
5559.30
5488.50
5487.40
5535.80
5593.60
5618.60
5547.80
5551.40
5536.20
5565.10
5590.40
5554.30
5566.90
5567.60
5574.10
5567.60
5574.50
5495.40
5479.50
5464.70
5417.30
5470.80
5476.60
5516.50
5577.42
5622.90
5622.10
5635.80
5688.20
5749.90
5730.30
5778.00
5761.70
5762.10
5709.70
5671.60
5693.00
5643.90
5625.81
5665.70
5696.00
5665.00
5697.10
5687.90
5667.60
5668.30
5658.30
5650.20
5652.80
5629.10
5645.00
5660.20
5704.50
5717.80
5717.80
5682.70
5677.50
5654.60
5729.60
5720.00
5700.40
5586.30
5552.30
5582.60
5603.65
5520.90
5509.80
5349.50
5357.30
5376.90
5464.20
5426.50
5392.80
5346.60
5355.80
5422.80
5473.10
5435.70
5479.40
5528.90
5595.90
5680.20
5674.30
5695.70
5716.45
5709.80
5681.30
5696.50
5645.40
5666.50
5666.52
5689.80
5699.40
5717.90
5689.80
5733.80
5723.50
5696.10
5710.20
5710.90
5646.50
5611.80
5646.90
5655.80
5607.00
5660.23
5732.40
5726.40
5752.70
5773.10
5837.80
5889.60
5889.20
5875.10
5868.10
5887.70
5894.40
5874.40
5877.40
5870.00
5873.30
5878.40
5906.40
5933.20
5934.70
5992.90
5979.40
5964.20
5930.99
5923.50
5970.12
6010.40
6004.00
6021.20
6059.20
6093.90
6090.10
6059.90
6036.10
5990.30
6007.00
5974.20
6009.30
5992.90
6027.10
6023.40
6042.80
6079.70
6174.40
6206.00
6220.60
6251.50
6262.30
6272.80
6312.62
6348.80
6347.30
6392.40
6430.00
6418.50
6471.80
6546.70
6526.60
6500.50
6520.60
6521.00
6442.00
6421.80
6432.60
6383.44
6464.70
6471.70
6399.10
6304.50
6305.30
6268.00
6308.70
6343.70
6479.40
6481.70
6490.20
6523.60
6543.60
6561.30
6550.90
6447.50
6443.70
6546.00
6567.60
6600.30
6547.90
6623.80
6706.10
6709.20
6760.40
6725.40
6764.60
6836.20
6843.90
6882.40
6850.80
6756.50
6696.50
6663.40
6657.23
6740.74
6824.60
6810.80
6804.20
6833.10
6743.10
6775.00
6856.20
6806.60
6855.40
6962.00
7024.00
6994.00
7062.80
7015.10
6927.80
6931.60
7009.00
7037.10
6982.40
6923.50
6874.30
6918.50
6852.00
6947.80
6944.70
7001.70
7079.40
7084.40
7034.37
6878.51
6934.30
6954.40
6896.20
6872.40
6819.90
6805.20
6909.00
6874.30
6880.00
6739.80
6583.50
6609.90
6516.30
6477.40
6528.70
6556.70
6610.30
6563.80
6537.70
6392.10
6452.70
6583.10
6677.90
6657.80
6705.20
6659.80
6835.20
6813.50
6791.10
6736.50
6783.83
6957.60
7008.99
6978.10
7070.00
7215.70
7225.30
7085.70
7135.80
7169.12
7288.60
7272.60
7285.30
7328.60
7194.30
7228.10
7299.80
7290.70
7260.60
7342.20
7380.80
7351.70
7327.60
7331.00
7287.30
7312.15
7269.70
7305.70
7442.40
7479.80
7538.40
7574.10
7713.70
7781.10
7771.20
7759.87
7716.44
7778.90
7797.87
7607.70
7758.10
7688.90
7653.80
7688.60
7678.00
7721.70
7797.00
7896.50
7858.00
7961.40
7852.80
7887.21
7920.40
7926.00
7973.20
8037.00
8020.50
7890.90
7906.02
8063.30
8089.30
8116.20
8113.40
8121.10
8175.00
8257.00
8222.80
8191.00
8198.20
8186.80
8258.80
8182.20
8030.80
8066.50
7963.40
7928.80
7937.38
7701.60
7802.90
7915.10
8021.70
7893.70
7888.80
7859.30
7774.30
7784.30
7694.00
7631.70
7875.80
7894.60
7867.20
7821.71
7835.00
7847.70
7716.96
7661.00
7743.40
7722.80
7897.60
7882.40
7923.00
7918.70
7997.30
7972.30
7906.70
7848.80
7922.20
7990.90
7948.50
8015.30
8031.50
8039.60
8101.70
8178.80
8094.08
8059.45
8042.80
8073.20
8093.10
8058.50
7931.30
7847.50
7922.20
8058.70
8023.40
7852.70
7714.40
7160.90
7498.60
7497.80
7390.00
7445.80
7674.20
7688.20
7691.80
7678.57
7581.60
7552.60
7554.30
7400.10
7486.80
7582.80
7693.30
7646.40
7725.90
7827.90
7876.60
7767.20
7809.20
7795.30
7825.12
8012.60
8017.30
8032.80
8046.20
8148.90
8110.80
8048.90
7973.80
7849.50
7838.30
7924.33
7978.30
7953.40
7846.47
7758.50
7818.80
7693.00
7660.10
7679.30
7796.40
7916.20
7910.20
7967.00
7978.25
7904.80
7902.00
7799.90
7575.20
7646.40
7732.10
7783.70
7696.01
7753.80
7871.90
7793.40
7730.60
7701.73
7713.19
7815.08
7916.72
7971.27
7909.99
8107.78
8158.60
8128.71
8113.76
8191.49
8179.78
8293.37
8311.31
8366.86
8368.60
8393.51
8451.81
8375.83
8413.94
8408.21
8368.85
8455.29
8489.67
8544.47
8548.71
8582.59
8536.80
8446.82
8570.63
8567.64
8642.37
8673.76
8659.56
8603.51
8718.85
8746.50
8770.92
8803.80
8899.71
8817.50
8905.19
8868.57
8846.15
8795.08
8783.12
8801.56
8868.32
8986.64
8983.41
9033.23
8956.50
8891.48
8997.11
9014.30
9110.45
9162.27
9077.57
9166.75
9137.85
9184.93
9176.96
9143.83
9058.14
8920.88
8899.21
8953.51
9066.61
9145.33
9192.66
9146.19
9053.16
8978.17
9055.51
9089.53
9158.62
9211.34
9170.34
9092.97
9052.16
9053.76
9171.73
9132.37
9114.44
8963.81
8933.47
8970.20
8900.95
8922.87
8889.44
8804.30
8870.56
9039.95
9070.59
9050.17
8971.70
8811.77
8831.95
8635.15
8666.23
8824.92
8812.77
8711.74
8713.37
8829.21
8923.87
8934.26
8945.54
8994.72
8958.99
9047.68
9023.06
9091.27
9086.29
9174.97
9090.81
9107.03
9100.07
9246.57
9233.23
9328.19
9340.55
9296.26
9185.71
9130.46
8934.52
8937.36
9028.50
8935.81
8913.41
9026.95
8883.29
8788.80
8486.02
8546.13
8579.22
8596.73
8570.84
8462.63
8550.70
8458.99
8419.96
8572.49
8712.70
8694.05
8607.80
8533.65
8568.41
8600.93
8518.09
8164.18
8052.45
7545.76
7824.17
7781.34
7685.05
7645.14
8020.78
7858.07
7612.18
7796.53
7945.09
8026.13
8078.15
7876.35
7889.33
7934.28
7897.20
8152.35
8001.99
8026.17
8109.87
8079.49
7841.33
7631.24
7787.01
7733.97
7745.18
7734.48
7734.74
7900.55
8002.50
7938.14
7966.97
8300.39
8415.48
8471.86
8504.67
8519.03
8531.34
8448.95
8433.24
8365.27
8371.22
8498.12
8595.70
8706.67
8708.47
8782.11
8915.34
8971.97
8895.17
8863.98
8822.32
8830.61
8921.14
9010.99
8978.62
9039.83
9058.62
9159.55
9371.52
9300.78
9311.85
9333.08
9116.55
9129.78
9064.80
8879.68
9017.17
9070.47
9027.15
9008.42
8839.51
8820.73
8699.46
8823.30
8787.55
8877.63
8902.97
8989.11
9044.72
9202.29
9220.57
9221.11
9320.98
9274.12
9184.01
9184.78
9315.42
9542.14
9538.28
9643.32
9618.86
9471.34
9349.56
9127.16
9343.12
9354.05
9335.91
9264.08
9120.67
9203.32
9325.36
9203.57
9281.59
9359.60
9342.61
9272.58
9365.15
9305.02
9301.59
9291.11
9133.91
9175.05
9367.32
9277.31
9289.78
9201.87
9299.17
9339.95
9553.48
9544.23
9395.66
9365.26
9307.39
9324.24
9296.44
9275.72
9467.67
9737.19
9725.39
9695.98
9769.96
9897.72
9876.08
9957.66
9931.13
9873.90
10001.23
9902.28
9890.23
9671.56
9664.90
9836.39
9821.61
10003.84
9914.37
9786.44
9836.12
10004.84
9963.49
10086.42
10197.70
10174.11
10340.62
10394.73
10411.66
10463.56
10493.89
10440.53
10448.96
10580.62
10726.04
10689.67
10719.16
10831.99
10844.78
10876.95
10789.04
11014.69
10883.54
10949.73
10947.11
11029.14
11001.23
11023.61
10998.43
11105.90
10910.57
10849.79
10836.67
10887.68
10867.04
10829.87
10651.73
10530.89
10701.28
10468.49
10561.01
10594.89
10577.26
10661.79
10799.20
10908.12
10765.64
10690.29
10618.23
10490.83
10563.33
10598.54
10777.72
10847.64
10854.75
10815.98
10721.63
10666.86
10542.43
10555.88
10655.46
10813.89
10966.05
11065.15
11137.47
11135.12
11182.62
11125.63
11193.38
11200.03
11177.55
11149.37
11186.35
11209.84
11188.00
10998.94
11002.78
10969.22
10907.80
10862.84
10970.80
10971.36
10791.29
10654.83
10645.96
10675.66
10675.41
10792.58
10714.03
10704.22
10650.59
10785.65
10786.70
10980.11
11049.64
11109.66
10988.85
10963.84
11099.66
11297.54
11282.38
11326.04
11198.45
11087.69
10909.70
10828.44
10934.08
10856.19
11079.08
11034.13
11031.28
11087.00
11027.40
11028.74
10910.40
10795.77
10745.38
10801.87
10822.95
10599.42
10524.07
10311.94
10279.33
10300.51
10274.27
10214.11
10335.69
10274.58
10401.23
10399.77
10588.34
10534.52
10649.76
10648.81
10412.31
10230.89
10286.61
10018.45
10117.54
10203.31
10390.71
10298.96
10468.98
10350.88
10302.76
10397.67
10629.18
10730.78
10653.71
10582.54
10612.42
10639.95
10668.42
10715.10
10611.94
10603.25
10593.51
10764.73
10762.89
10929.00
10887.67
11033.25
11008.78
11090.29
11000.22
11007.26
10985.73
10945.49
10876.47
10995.02
11046.10
11286.79
11221.65
11107.26
11073.62
11137.85
11217.46
11195.34
11158.78
11224.40
11257.43
11254.50
11142.43
11199.45
11202.07
11410.65
11389.24
11472.88
11484.36
11453.48
11501.85
11349.75
10989.37
11113.37
11247.06
11532.48
11568.47
11506.73
11558.24
11619.35
11719.19
11535.24
11490.29
11356.26
11251.94
11010.96
11025.85
11035.55
11024.92
10735.77
10937.74
11037.64
11010.48
11014.37
10965.97
10904.26
10948.82
10697.92
10638.64
10431.65
10520.15
10711.82
10565.76
10514.57
10219.83
10294.82
10242.48
10090.77
9854.66
10039.58
10128.11
10135.44
10171.12
10358.96
10197.61
9800.69
9855.29
10008.55
9911.22
9957.67
9808.15
10139.58
10629.98
10594.75
10680.24
10916.96
10884.38
11107.45
11093.25
11023.68
10939.05
11008.17
10993.28
10863.28
11225.34
11163.29
11029.56
11122.03
11114.89
11180.98
11283.05
11132.58
10922.85
10303.29
10584.02
10748.97
10668.19
10822.33
10916.65
11127.92
10941.91
10892.76
10749.42
10805.58
10732.21
10478.89
10409.70
10571.31
10607.54
10533.09
10369.27
10549.06
10606.97
10816.01
10930.64
10771.80
10764.22
10624.79
10539.12
10420.90
10529.87
10322.89
10302.31
10528.28
10532.27
10660.09
10793.11
10822.61
10733.48
10818.78
10678.47
10615.12
10562.31
10632.46
10689.63
10717.76
10448.40
10558.90
10446.83
10495.97
10376.47
10403.69
10541.58
10506.39
10523.90
10393.09
10450.36
10538.23
10481.45
10483.33
10627.14
10649.06
10722.24
10774.92
10793.31
10812.40
10799.16
10724.15
10700.68
10843.51
10731.44
10689.28
10689.36
10516.83
10594.97
10514.29
10523.81
10609.15
10679.37
10713.36
10773.98
10865.15
10970.94
10901.06
10905.98
11027.07
11175.05
11068.83
11010.95
11051.20
11058.85
11082.20
11130.55
11143.91
11182.74
11194.48
11249.27
11209.01
11105.23
11219.54
11221.76
11253.58
11316.01
11261.72
11219.54
11197.71
11225.03
11189.58
11087.84
10926.42
10812.22
10794.47
10680.52
10678.30
10847.37
10806.30
10631.32
10629.84
10821.40
10659.06
10709.84
10723.33
10783.72
10726.76
10596.91
10569.17
10521.07
10424.14
10031.62
10184.78
10242.87
10085.99
10014.61
10141.13
10230.29
10273.57
10395.66
10326.48
10381.60
10588.06
10835.39
10966.21
10903.17
10883.17
10820.60
10978.72
10954.34
10902.11
10813.78
10595.35
10528.25
10681.21
10705.33
10657.13
10624.18
10465.57
10484.26
10403.87
10479.33
10537.86
10502.74
10610.53
10416.76
10377.33
10576.78
10896.14
10644.66
10632.14
10719.36
10725.80
10777.95
10794.82
10647.98
10433.34
10643.14
10580.97
10314.38
10495.26
10638.21
10690.10
10795.20
10868.76
10790.92
10637.42
10944.94
10912.81
10658.73
10625.21
10568.48
10600.20
10608.74
10525.78
10660.95
10584.57
10686.00
10581.90
10575.80
10651.85
10664.53
10727.08
10657.13
10702.19
10882.25
10884.82
10982.71
10860.44
10965.03
10948.95
10940.62
10878.51
10779.42
10950.18
10899.42
10800.65
10884.11
10800.23
10721.29
10527.80
10529.25
10447.59
10638.44
10639.32
10493.25
10438.04
10468.93
10570.17
10591.86
10727.16
10850.11
10638.52
10206.89
10279.42
9982.92
10023.55
9820.05
9961.14
9717.46
9490.66
9395.58
9509.25
9687.93
9941.20
9784.94
9799.47
9877.16
9774.78
9480.95
9527.21
9913.94
9793.58
9850.35
10109.05
10013.08
10118.16
10151.73
10226.88
10616.09
10690.33
10571.00
10529.75
10453.43
10633.01
10694.95
10814.41
10734.05
10902.77
10872.32
10793.20
10952.35
10936.66
10875.96
10868.87
10908.30
10819.55
10877.46
10864.74
11218.65
11245.78
11299.14
11339.80
11257.76
11107.07
11122.03
11004.66
11032.96
10873.23
10913.57
10991.77
11061.39
11177.73
11069.58
11095.62
10974.79
10914.67
10942.00
10868.27
10680.81
10622.50
10654.30
10593.79
10646.39
10716.50
10607.88
10497.30
10470.35
10438.73
10565.27
10504.95
10588.89
10566.23
10476.73
10253.62
10300.82
10174.70
10269.31
10478.39
10537.98
10468.62
10594.54
10574.33
10606.19
10576.92
10423.80
10241.75
10403.46
10451.89
10418.68
10403.18
10527.38
10513.47
10550.01
10504.13
10399.03
10456.18
10291.15
10296.89
10411.90
10416.95
10407.05
10342.10
10385.46
10239.33
10320.07
10170.30
10276.41
10232.48
10422.76
10382.56
10224.45
10077.07
9918.96
9946.98
9998.12
10028.35
9841.25
9603.36
9580.32
8922.70
8903.54
8748.61
8356.56
8242.32
8605.59
8660.06
8567.46
8679.07
8845.97
8836.69
8946.02
9127.24
9058.83
9115.75
9066.56
9052.30
9242.63
9409.07
9340.84
9346.31
9389.76
9230.75
9162.81
9203.91
9379.17
9341.40
9342.29
9462.28
9543.37
9264.52
9123.64
9087.45
9264.52
9326.59
9437.09
9584.68
9558.39
9586.96
9606.13
9551.43
9751.13
9824.65
9871.51
9870.45
9968.64
9894.19
9833.09
9961.58
9980.33
9867.06
9710.34
9828.80
9848.93
9765.55
9891.35
10113.53
10099.14
10047.04
9925.60
9887.27
9889.13
9764.72
9809.42
9893.22
9994.59
10064.13
9986.84
10036.59
10035.55
10088.71
10133.94
10136.36
10021.71
10073.88
10176.84
10261.33
10195.76
10153.18
10092.50
10069.52
9985.38
9892.73
9916.54
9712.21
9830.94
9772.34
9710.96
9734.21
9793.23
9843.05
9865.54
9619.14
9763.20
9923.04
9905.46
9684.74
9682.04
9650.97
9627.65
9739.81
9880.35
9856.99
9989.67
10000.83
9899.24
9742.37
9933.56
9834.89
9969.75
10145.86
10117.65
10130.28
10111.04
10368.10
10591.38
10431.96
10578.10
10531.67
10570.07
10604.32
10620.17
10501.29
10516.45
10608.54
10578.38
10626.85
10501.99
10477.70
10428.43
10280.51
10351.28
10429.68
10402.07
10352.46
10311.81
10199.54
10235.80
10258.91
10249.84
10210.40
10378.89
10178.57
10189.57
10100.38
10299.66
10219.47
10212.69
10256.00
10137.20
10090.07
10028.70
10037.42
9910.52
9818.90
9944.90
10057.62
10091.73
10005.80
9810.53
9847.96
10137.96
10040.25
9938.82
10119.34
10288.56
10242.11
10291.05
10348.93
10229.08
10098.58
10158.30
10211.92
10106.54
9976.94
9915.01
9915.15
9923.94
9710.34
9688.53
9795.70
9592.38
9587.38
9647.62
9515.12
9612.87
9498.92
9476.50
9684.52
9702.00
9561.64
9430.66
9252.47
9285.56
9108.22
9122.12
9270.33
9239.25
9104.95
9006.37
9061.54
9375.70
9273.38
9098.16
8812.12
8805.33
8681.28
8635.31
8476.21
8540.47
8406.10
8015.04
7785.55
7698.46
8185.89
8192.61
8267.99
8707.03
8678.65
8732.58
8504.96
8312.92
8049.93
8282.25
8456.29
8707.24
8741.92
8683.15
8479.14
8745.04
8813.07
8777.09
8986.50
8866.14
8961.18
9051.49
8873.93
8917.49
8823.93
8690.69
8669.26
8659.27
8308.53
8420.20
8296.46
8425.88
8520.14
8604.27
8574.94
8377.68
8311.79
8386.35
8203.07
8170.65
7945.93
7984.77
7871.23
7687.16
7844.62
7996.01
7698.81
7593.04
7936.57
7753.46
7719.34
7528.68
7425.82
7499.96
7286.34
7540.74
7848.21
7883.23
8232.10
8038.31
8287.72
8320.74
8534.08
8448.56
8495.38
8317.48
8448.98
8367.28
8363.95
8427.34
8395.64
8521.60
8568.76
8677.17
8766.08
8585.75
8535.81
8356.73
8380.32
8403.69
8535.64
8579.74
8484.93
8469.57
8625.48
8842.41
8804.97
8844.12
8678.96
8933.67
8902.95
8861.13
8734.22
8740.66
8620.88
8643.99
8473.61
8571.52
8590.99
8536.07
8436.59
8626.99
8531.31
8441.94
8367.41
8511.39
8491.99
8448.86
8429.28
8304.06
8332.24
8342.38
8607.38
8602.78
8775.84
8735.93
8596.68
8776.04
8787.83
8787.22
8843.64
8721.12
8695.82
8586.26
8439.54
8320.72
8367.89
8128.54
7991.07
8087.95
8109.14
7939.72
8053.74
8104.61
8014.45
7981.95
7932.45
7865.74
7920.93
7836.36
7756.55
7750.90
7909.30
8033.80
8002.70
7915.52
8017.34
7856.42
7907.39
7807.96
7886.11
7890.24
7838.14
7702.35
7774.76
7671.75
7739.40
7568.53
7517.76
7555.29
7822.17
7857.96
8142.69
8193.04
8264.68
8290.38
8514.82
8216.85
8279.88
8226.39
8198.85
8142.83
7992.83
8069.86
8285.76
8240.59
8284.15
8299.12
8299.28
8198.99
8223.22
8203.97
8347.66
8405.72
8255.79
8336.67
8326.38
8484.92
8512.44
8438.98
8306.84
8472.88
8501.38
8478.48
8453.48
8583.17
8531.28
8585.42
8558.67
8492.69
8603.90
8722.88
8673.29
8649.22
8710.36
8676.52
8494.09
8485.62
8516.99
8594.02
8600.54
8781.84
8787.23
8711.46
8851.45
8898.23
8919.94
9036.67
9045.57
9061.18
8980.79
9048.85
9184.29
9197.88
9117.56
9319.66
9322.67
9293.80
9180.93
9199.49
9071.48
9109.57
9011.06
9079.74
8990.74
8983.66
9043.54
9141.16
9073.92
9213.48
9221.90
9154.53
9036.39
9126.45
9179.18
9133.70
9089.34
9052.29
9187.80
9098.65
9159.08
9196.56
9113.85
9284.92
9268.19
9204.39
9199.35
9232.68
9154.18
9185.27
9032.96
9060.48
9127.36
9189.62
9218.12
9303.69
9272.25
9308.52
9320.66
9412.17
9420.13
9399.96
9436.04
9349.44
9316.03
9339.82
9334.35
9373.33
9416.67
9521.86
9569.09
9589.52
9503.41
9584.92
9504.88
9415.05
9456.88
9471.19
9449.16
9566.08
9544.04
9661.80
9641.80
9535.76
9575.97
9425.58
9342.43
9314.42
9378.10
9276.80
9464.76
9492.54
9572.39
9593.28
9653.33
9633.35
9682.90
9675.72
9763.27
9824.09
9798.68
9791.86
9721.50
9778.31
9741.98
9597.20
9600.98
9584.54
9609.72
9747.05
9772.01
9786.75
9802.46
9857.49
9837.64
9820.68
9857.12
9807.49
9756.53
9729.50
9846.97
9836.46
9765.64
9711.44
9620.68
9688.46
9622.02
9629.87
9748.68
9763.49
9779.72
9785.35
9899.64
9851.94
9874.83
9923.27
9862.01
9966.45
9922.38
9922.45
10008.75
10046.53
10023.34
10128.75
10141.41
10249.48
10276.48
10337.56
10341.41
10305.85
10321.35
10449.70
10426.30
10452.74
10411.85
10543.85
10535.46
10530.07
10589.25
10461.55
10485.18
10428.67
10534.52
10556.37
10601.40
10522.77
10624.22
10625.25
10568.00
10701.10
10610.07
10467.41
10510.22
10487.78
10499.48
10503.11
10469.33
10494.89
10592.00
10578.74
10605.48
10735.18
10696.22
10628.88
10706.68
10674.59
10666.29
10619.55
10609.55
10566.59
10598.14
10581.55
10582.25
10678.36
10588.59
10593.48
10582.59
10595.37
10529.52
10457.59
10288.85
10130.67
10238.45
10103.41
10184.67
10298.96
10295.85
10185.93
10066.67
10065.41
10049.56
10218.37
10212.91
10327.63
10380.89
10357.52
10375.33
10470.59
10553.76
10569.26
10482.77
10444.38
10516.05
10378.10
10377.95
10398.32
10451.62
10437.85
10311.87
10314.99
10463.11
10472.91
10445.38
10476.67
10339.41
10273.06
10227.27
10314.32
10316.98
10308.20
10240.62
10116.28
9989.24
10011.52
10044.31
10008.43
10009.92
9906.71
9962.55
9939.12
9939.34
9968.02
9958.08
10116.84
10109.89
10205.83
10187.18
10199.78
10261.85
10196.83
10243.31
10389.41
10431.10
10367.80
10401.23
10336.51
10380.23
10378.59
10375.82
10417.82
10370.21
10395.14
10477.43
10444.24
10377.52
10356.35
10413.43
10434.00
10334.00
10280.26
10211.92
10238.52
10173.12
10211.75
10238.37
10232.84
10208.20
10162.34
10140.95
10094.43
10156.30
10047.60
10045.46
9964.71
9963.54
10084.03
10115.52
10129.12
10138.45
10178.27
10117.96
10127.10
9960.67
9816.14
9815.55
9931.24
9936.48
9814.11
9825.35
9955.50
9964.22
10082.78
10040.81
10111.10
10074.89
10098.49
10181.07
10174.07
10193.83
10121.97
10170.12
10168.39
10277.82
10261.52
10342.42
10314.69
10289.47
10306.65
10315.13
10316.90
10231.59
10245.82
10283.87
10204.52
10244.05
10108.29
10039.42
10046.65
9989.73
10056.75
10136.38
10082.04
10191.40
10216.76
10170.70
10239.84
10124.11
10056.09
10080.42
10085.21
10002.54
9895.63
9932.98
9958.38
9895.19
9884.65
9863.85
9757.22
9750.59
9888.25
9998.94
10004.69
10028.73
10053.87
10037.50
10132.48
10317.05
10385.15
10387.62
10378.59
10386.95
10469.21
10541.89
10549.79
10481.83
10549.20
10571.63
10455.73
10486.69
10493.86
10518.69
10520.64
10475.27
10425.80
10590.44
10597.90
10591.32
10546.80
10438.77
10492.45
10552.16
10543.44
10640.53
10675.71
10691.71
10704.83
10652.14
10661.89
10752.34
10815.00
10828.01
10776.06
10853.72
10829.12
10800.30
10783.75
10727.81
10629.53
10593.19
10624.80
10603.44
10619.77
10561.32
10617.41
10506.71
10554.23
10626.05
10538.90
10471.98
10393.58
10369.42
10463.19
10498.14
10470.58
10428.76
10489.72
10551.05
10592.21
10593.17
10715.76
10712.51
10717.76
10665.00
10742.92
10795.72
10791.06
10832.03
10835.03
10755.15
10783.38
10609.28
10672.24
10748.42
10842.05
10769.04
10825.68
10812.27
10834.51
10940.55
10935.60
10912.32
10806.28
10845.30
10773.92
10804.29
10741.63
10633.30
10627.83
10629.90
10565.39
10470.58
10457.06
10444.13
10485.65
10405.77
10541.59
10504.57
10401.71
10421.14
10453.45
10485.88
10546.32
10462.08
10448.63
10507.45
10403.71
10276.61
10088.54
10071.55
10131.18
10010.51
10218.60
10158.52
10240.99
10150.32
10194.58
10070.37
10192.00
10251.04
10255.25
10384.49
10339.71
10345.40
10382.94
10272.91
10299.74
10188.23
10139.61
10247.49
10323.19
10464.45
10492.75
10472.80
10522.68
10503.17
10458.68
10537.08
10541.89
10462.86
10548.83
10552.82
10461.64
10466.00
10484.84
10477.75
10503.02
10503.57
10521.95
10548.65
10566.76
10580.41
10621.54
10608.88
10599.36
10587.09
10422.28
10298.07
10291.01
10405.94
10374.18
10273.59
10303.13
10366.52
10269.76
10302.90
10449.60
10519.49
10513.36
10559.86
10629.44
10640.19
10576.90
10629.52
10690.03
10624.19
10651.66
10597.60
10579.45
10633.50
10705.16
10641.78
10623.79
10681.51
10696.80
10610.34
10557.24
10537.65
10606.52
10591.83
10682.70
10599.19
10631.59
10505.60
10549.75
10552.70
10559.23
10571.01
10519.34
10434.39
10450.95
10396.90
10461.54
10409.08
10481.44
10460.67
10447.69
10588.68
10633.11
10594.10
10678.41
10673.71
10597.52
10545.85
10560.50
10641.87
10558.19
10484.23
10376.20
10422.05
10420.22
10444.58
10456.61
10472.61
10552.70
10569.50
10534.36
10434.81
10317.36
10287.42
10292.95
10239.16
10253.81
10216.91
10216.59
10287.42
10349.14
10277.18
10411.73
10282.22
10216.11
10383.88
10377.39
10344.74
10231.15
10403.17
10440.07
10406.29
10470.49
10523.23
10531.24
10574.18
10539.24
10541.16
10640.10
10686.60
10697.17
10683.03
10677.00
10719.34
10766.33
10815.96
10871.43
10916.09
10932.74
10888.48
10883.91
10806.03
10912.01
10876.95
10835.41
10856.86
10808.43
10751.76
10778.66
10765.69
10821.32
10883.43
10881.67
10875.51
10836.93
10805.63
10831.56
10883.27
10883.75
10778.25
10795.70
10783.86
10718.30
10843.97
10880.39
10875.45
10959.47
11010.46
11011.66
11043.44
10961.48
10957.87
10890.08
10855.18
10880.71
10668.75
10690.21
10713.26
10711.02
10815.32
10908.49
10900.40
10862.14
10950.11
10849.57
10793.30
10796.42
10742.16
10859.42
10883.51
10915.21
10890.72
11025.67
11059.05
11119.56
11115.48
11065.29
11133.52
11065.77
11062.81
11096.75
10993.25
11052.57
11024.23
11022.47
10957.31
10977.08
11005.66
10972.92
11067.61
11076.02
11149.76
11210.97
11254.12
11278.93
11275.89
11234.51
11317.35
11270.61
11280.13
11250.11
11154.94
11216.34
11151.34
11113.00
11142.54
11203.21
11233.01
11217.14
11119.88
11141.33
11089.47
11130.13
11137.33
11074.58
11265.40
11278.53
11343.45
11346.81
11336.56
11283.25
11349.53
11358.33
11367.78
11345.21
11414.69
11401.80
11440.62
11576.37
11584.62
11630.48
11639.29
11500.01
11380.43
11428.21
11410.13
11206.17
11124.37
11143.42
11126.29
11100.11
11114.96
11211.69
11277.25
11091.15
11169.03
11260.52
11247.55
11048.24
11002.06
10929.70
10939.14
10892.00
10783.14
10706.78
10817.48
11014.38
11014.87
10942.03
10975.24
11077.78
11019.19
10990.29
11048.24
10925.30
10974.36
11190.80
11149.34
11225.06
11147.12
11224.18
11091.71
11102.59
11133.97
11012.62
10846.53
10739.35
10745.84
10797.39
11007.26
10937.94
10868.70
11051.05
11102.91
11104.19
11102.11
11218.90
11184.80
11125.57
11195.28
11244.59
11239.47
11218.18
11168.47
11073.14
11121.16
11089.07
11098.03
11224.91
11327.36
11333.76
11380.67
11344.41
11337.12
11297.82
11301.22
11285.33
11352.65
11365.98
11383.47
11382.75
11461.83
11466.23
11405.16
11332.24
11389.87
11396.84
11487.69
11543.40
11528.75
11559.97
11554.60
11542.28
11611.67
11532.91
11509.30
11575.73
11670.19
11689.40
11718.05
11678.99
11670.11
11722.94
11844.38
11865.49
11849.56
11857.73
11865.49
11854.13
11947.22
11961.31
11977.40
11947.62
11988.92
12013.01
12116.51
12116.51
12127.24
12134.84
12164.78
12089.14
12086.18
12080.25
12023.98
12018.30
11985.16
12104.75
12147.38
12174.70
12102.74
12097.70
12132.44
12214.37
12250.05
12304.62
12340.71
12312.13
12321.91
12321.71
12279.13
12118.94
12134.40
12226.73
12220.97
12195.57
12283.69
12328.72
12310.13
12278.41
12306.21
12328.24
12312.71
12317.50
12417.96
12446.24
12439.51
12471.32
12461.62
12413.08
12341.94
12408.43
12510.57
12500.48
12459.54
12473.16
12480.05
12392.01
12424.77
12417.00
12442.96
12514.66
12555.84
12571.46
12575.06
12567.93
12565.53
12477.81
12534.37
12621.77
12503.28
12487.10
12492.23
12520.03
12617.20
12673.84
12653.41
12661.66
12656.86
12665.67
12638.03
12580.11
12549.19
12651.29
12741.70
12764.13
12766.85
12782.87
12735.77
12679.89
12647.88
12628.90
12214.92
12268.63
12233.78
12111.61
12051.17
12204.46
12193.33
12262.06
12275.68
12307.49
12074.52
12133.16
12159.68
12110.41
12226.81
12288.98
12446.72
12460.50
12480.37
12468.67
12396.49
12301.48
12348.91
12354.52
12379.05
12511.36
12523.22
12562.64
12568.49
12573.12
12483.64
12551.91
12611.64
12719.56
12771.08
12799.77
12811.15
12961.98
12919.64
12951.42
13088.84
13104.04
13120.21
13062.75
13133.94
13206.65
13243.08
13264.13
13309.40
13300.62
13359.05
13212.20
13325.81
13346.05
13486.96
13487.53
13476.40
13556.53
13544.99
13540.84
13522.60
13441.94
13507.28
13517.89
13633.00
13628.69
13667.21
13673.19
13590.66
13463.48
13267.14
13424.39
13424.39
13287.62
13482.43
13556.65
13639.00
13611.68
13636.56
13486.66
13545.03
13360.09
13352.37
13336.93
13427.48
13422.61
13409.60
13531.53
13576.24
13559.01
13612.66
13648.59
13500.40
13579.33
13859.86
13907.09
13951.96
13955.05
13918.79
14000.73
13851.73
13940.90
13718.25
13783.12
13472.68
13266.21
13360.66
13211.09
13357.82
13462.25
13183.13
13467.72
13497.23
13652.33
13270.59
13239.54
13235.72
13021.93
12861.47
12848.05
13079.08
13120.05
13090.86
13236.13
13235.88
13377.16
13318.43
13043.07
13287.91
13240.84
13358.39
13442.85
13306.44
13360.74
13116.39
13129.40
13298.31
13292.38
13421.39
13441.95
13403.18
13740.61
13813.52
13768.33
13821.57
13757.84
13779.30
13879.53
13912.94
13895.71
14087.14
14038.86
13967.89
13969.07
14065.36
14043.73
14165.02
14079.10
14016.34
14092.43
13986.34
13920.66
13887.90
13888.47
13521.62
13568.93
13675.58
13677.85
13675.66
13807.35
13869.04
13792.06
13924.16
13569.90
13592.58
13542.34
13646.72
13299.70
13261.17
13039.16
12975.11
13305.47
13231.01
13109.48
13176.30
12955.92
13006.65
12796.07
12979.99
12744.78
12958.04
13287.91
13314.25
13368.22
13311.24
13244.01
13445.85
13618.27
13623.55
13726.87
13434.80
13473.98
13515.11
13339.20
13168.66
13231.98
13206.46
13241.66
13450.73
13547.95
13549.17
13361.23
13364.16
13261.82
13044.12
13046.56
12801.15
12820.90
12590.21
12733.11
12850.74
12613.78
12777.50
12476.81
12467.05
12159.94
12092.72
11969.08
12272.69
12391.70
12205.71
12385.19
12480.14
12438.28
12638.17
12743.11
12631.85
12257.25
12196.20
12248.47
12181.89
12241.56
12368.12
12551.51
12376.66
12349.59
12333.31
12426.85
12281.09
12380.77
12569.48
12683.54
12689.28
12579.58
12264.36
12259.14
12204.93
12254.59
12039.09
11893.04
11741.33
12148.61
12096.49
12146.39
11946.45
11975.92
12391.52
12102.43
12361.97
12547.34
12531.79
12421.88
12303.92
12215.92
12266.64
12651.67
12605.83
12626.03
12612.59
12602.66
12574.65
12526.78
12579.78
12324.77
12302.06
12371.51
12617.40
12626.76
12850.91
12825.02
12721.45
12764.68
12848.38
12890.76
12870.37
12831.45
12818.34
13012.53
13056.57
12968.89
13010.82
12814.35
12860.68
12745.55
12872.08
12825.12
12891.29
12992.74
12985.41
13026.04
12824.94
12597.69
12620.90
12479.63
12542.90
12593.87
12647.36
12637.67
12503.20
12391.86
12388.81
12602.74
12210.13
12277.71
12286.34
12089.63
12144.59
12306.86
12269.65
12158.68
12029.06
12062.19
11843.83
11842.36
11805.31
11808.57
11452.85
11345.70
11344.64
11382.34
11216.00
11289.19
11225.03
11381.93
11148.01
11226.17
11103.64
11050.80
10961.89
11238.39
11436.56
11495.02
11457.90
11603.39
11630.34
11341.14
11369.47
11133.44
11397.56
11577.99
11379.89
11326.32
11286.02
11603.64
11655.42
11432.09
11729.67
11781.70
11632.81
11532.07
11611.21
11659.65
11478.09
11345.94
11415.23
11426.79
11626.19
11383.56
11412.46
11499.87
11713.23
11545.63
11506.01
11532.48
11185.63
11224.87
11514.73
11233.91
11264.44
11429.32
11416.37
10905.62
11056.58
10609.01
11027.51
11394.42
11015.69
10850.02
10827.17
11019.04
11139.62
10371.58
10847.40
10825.54
10483.96
10322.52
9955.42
9437.23
9261.69
8568.67
8462.42
9388.97
9301.91
8577.04
8975.35
8852.30
9262.80
9027.84
8519.77
8683.21
8375.92
8178.72
9062.33
9004.66
9179.09
9326.04
9323.89
9616.60
9134.01
8696.03
8946.60
8864.32
8684.52
8281.14
8822.19
8494.84
8273.34
8420.69
7995.53
7552.37
8048.09
8445.14
8464.49
8724.70
8826.89
8153.75
8409.14
8587.07
8376.08
8637.65
8934.10
8693.00
8750.13
8563.10
8628.81
8565.65
8921.91
8823.94
8606.50
8573.37
8518.65
8416.86
8468.71
8515.87
8487.51
8666.48
8772.25
9027.13
8954.57
8996.94
8769.94
8738.80
8599.26
8474.61
8446.01
8196.24
8215.67
8279.63
7949.17
8224.43
8108.79
8078.04
8117.39
8175.93
8373.06
8149.01
8000.62
7936.99
8070.32
7954.83
8056.38
8281.38
8269.36
7887.05
7931.97
7933.00
7845.63
7546.35
7555.23
7461.49
7365.99
7115.34
7349.58
7269.06
7180.97
7056.48
6764.81
6726.50
6874.01
6595.16
6625.74
6547.01
6923.13
6932.39
7167.35
7225.33
7218.00
7395.70
7489.68
7402.31
7279.25
7773.47
7659.81
7752.36
7922.57
7773.31
7523.77
7606.13
7763.99
7980.63
8016.16
7968.92
7788.68
7839.89
8082.02
8057.41
7914.92
8029.14
8125.43
8128.94
7841.73
7964.78
7886.81
7957.45
8073.82
8023.56
8018.31
8188.51
8167.41
8213.60
8425.55
8403.48
8512.28
8410.73
8569.23
8419.17
8461.80
8285.92
8326.22
8270.15
8502.48
8471.82
8416.07
8292.21
8277.32
8473.65
8300.50
8404.04
8501.53
8721.60
8740.07
8675.28
8751.75
8759.35
8764.83
8763.66
8736.23
8770.01
8798.50
8612.44
8504.36
8496.73
8556.96
8538.52
8340.44
8323.51
8299.25
8468.54
8440.13
8528.93
8447.53
8503.00
8280.74
8324.95
8163.60
8179.01
8182.49
8146.52
8331.37
8363.95
8612.66
8711.89
8746.05
8848.15
8912.39
8882.31
9066.11
9093.09
9106.92
9092.34
9072.84
9154.61
9173.65
9285.05
9315.36
9277.19
9258.45
9368.41
9334.33
9236.06
9362.29
9398.04
9313.85
9134.36
9208.68
9278.55
9347.86
9506.18
9509.21
9538.61
9541.63
9582.74
9542.91
9492.32
9306.21
9282.03
9345.36
9440.13
9496.59
9546.54
9625.44
9598.08
9626.42
9683.71
9789.82
9784.75
9818.61
9779.61
9830.63
9749.99
9706.68
9663.23
9789.74
9741.83
9711.60
9507.62
9488.73
9601.26
9725.69
9728.22
9786.04
9865.24
9883.98
9873.55
10014.88
10061.36
9996.67
10092.42
10038.84
9946.18
10099.90
9972.33
9868.34
9881.11
9762.91
9961.52
9712.13
9787.47
9767.30
9807.80
10001.35
10020.62
10223.01
10247.42
10289.82
10197.85
10267.53
10404.77
10426.27
10425.33
10327.91
10320.13
10451.25
10432.96
10452.23
10309.77
10343.82
10470.44
10455.63
10368.57
10386.86
10385.42
10282.85
10336.00
10403.41
10471.28
10499.31
10449.81
10439.99
10309.39
10330.10
10414.67
10464.32
10467.12
10517.91
10547.83
10544.36
10548.51
10430.69
10584.56
10564.72
10571.11
10606.40
10620.31
10662.86
10628.09
10680.16
10706.99
10608.37
10719.69
10603.91
10389.58
10175.10
10195.35
10194.29
10236.92
10122.04
10068.99
10186.13
10291.73
10273.12
10003.69
10005.43
9910.28
10055.46
10037.85
10137.23
10100.81
10261.48
10309.39
10387.77
10402.43
10383.16
10284.00
10366.60
10321.41
10326.10
10404.16
10406.28
10396.53
10445.13
10563.78
10552.24
10560.13
10560.98
10611.77
10623.41
10642.53
10686.36
10733.44
10780.00
10741.00
10787.18
10887.62
10837.51
10841.29
10849.23
10895.02
10907.34
10857.31
10927.45
10972.49
10961.95
10896.99
10926.92
10996.75
11006.72
11020.70
11122.96
11143.66
11018.36
11093.11
11116.91
11119.78
11132.18
11205.11
11203.67
10988.87
11045.64
11168.23
11009.60
11149.48
10918.40
10868.12
10519.42
10386.18
10780.00
10742.15
10896.61
10780.68
10616.98
10625.45
10505.70
10440.21
10063.93
10193.46
10061.43
10045.11
9971.73
10258.00
10133.94
10025.61
10250.67
10249.61
9931.75
9812.94
9941.57
9901.67
10166.78
10211.83
10192.40
10404.24
10409.98
10435.00
10452.46
10441.95
10293.30
10297.08
10153.48
10143.05
10135.72
9868.34
9773.27
9732.53
9686.48
9743.62
10019.26
10138.99
10199.24
10217.55
10370.96
10367.10
10356.20
10098.12
10151.48
10226.02
10121.81
10321.16
10424.17
10525.28
10537.01
10498.94
10465.19
10468.82
10673.92
10630.20
10679.67
10668.55
10654.62
10696.63
10631.82
10361.58
10320.33
10303.07
10297.63
10398.59
10411.15
10270.98
10215.51
10173.05
10040.15
10059.90
9982.18
10145.58
10006.42
10016.01
10270.08
10321.92
10446.80
10338.49
10388.14
10415.01
10458.60
10544.73
10526.42
10571.75
10595.55
10608.08
10753.39
10761.11
10738.48
10664.39
10860.03
10809.17
10857.98
10836.04
10789.72
10828.85
10752.78
10936.79
10968.41
10948.50
11006.93
11010.79
11022.82
11096.99
11096.01
11062.63
11139.60
10974.52
11105.24
11146.41
11133.40
11163.14
11168.40
11127.34
11120.45
11120.30
11125.22
11184.88
11216.65
11435.22
11439.54
11403.59
11342.81
11326.69
11281.28
11194.02
11194.70
11017.83
11010.49
11180.77
11201.66
11177.60
11037.35
11183.50
11083.75
11049.72
11007.23
11255.93
11361.88
11381.33
11363.85
11354.45
11370.44
11370.06
11406.16
11429.24
11475.64
11457.93
11499.02
11491.30
11478.36
11532.17
11559.11
11572.81
11554.80
11572.74
11585.38
11569.33
11577.43
11670.90
11688.61
11716.93
11696.86
11672.34
11638.51
11673.62
11753.70
11732.13
11783.82
11834.21
11823.70
11822.95
11873.43
11980.52
11978.85
11985.36
11990.36
11824.39
11892.50
12038.27
12040.68
12061.73
12092.38
12152.70
12229.29
12239.66
12227.78
12266.83
12266.75
12219.79
12287.72
12318.67
12389.74
12211.81
12104.56
12060.93
12130.45
12226.49
12057.34
12068.01
12258.88
12171.09
12085.87
12211.16
12211.43
11976.96
12042.13
11988.69
11854.20
11614.89
11777.23
11860.11
12036.37
12018.40
12087.54
12170.71
12221.19
12194.48
12280.07
12350.76
12321.02
12374.60
12402.08
12386.66
12426.45
12409.87
12380.43
12381.19
12263.65
12270.24
12285.45
12339.71
12201.44
12266.75
12453.62
12505.99
12480.86
12592.23
12689.90
12763.46
12810.16
12806.38
12806.29
12723.65
12580.76
12637.83
12685.13
12745.87
12629.96
12695.65
12594.77
12541.33
12471.78
12561.46
12604.72
12511.36
12381.57
12355.45
12391.63
12398.06
12443.40
12569.41
12289.61
12247.80
12151.19
12090.18
12066.27
12049.47
12124.17
11945.33
11951.38
12075.12
11896.13
11962.66
12004.28
12081.33
12189.71
12108.35
12049.24
11934.66
12043.56
12187.63
12262.25
12414.34
12569.87
12562.47
12627.23
12717.90
12655.62
12505.54
12447.33
12491.53
12437.12
12475.11
12386.03
12583.68
12567.07
12724.71
12679.72
12592.12
12498.42
12301.72
12239.36
12144.22
12129.77
11863.74
11893.86
11383.98
11433.93
10810.91
11228.00
10729.85
11143.46
11269.85
11480.48
11392.01
11406.27
10989.75
10820.37
10854.58
11175.78
11321.02
11149.82
11286.65
11532.13
11560.48
11613.30
11492.06
11237.31
11137.63
11414.86
11294.60
10990.01
11054.99
11106.83
11247.72
11433.71
11506.82
11401.47
11408.58
11121.89
10732.77
10771.78
11045.23
11189.10
11012.79
11152.32
10912.10
10651.44
10800.47
10939.87
11123.41
11104.56
11432.80
11417.36
11518.09
11478.97
11643.35
11396.17
11577.54
11502.13
11543.22
11807.96
11912.63
11707.76
11872.07
12207.34
12229.22
11951.53
11658.49
11835.59
12043.41
11983.02
12055.52
12166.40
11780.03
11896.28
12153.00
12077.92
12084.74
11905.67
11768.98
11795.55
11542.39
11492.74
11251.88
11232.47
11523.01
11559.27
12046.21
12022.37
12021.54
12097.75
12144.41
12195.91
11996.03
12181.08
12018.66
11949.72
11825.29
11870.25
11866.54
11769.21
12103.58
12107.59
12169.88
12293.47
12288.85
12152.32
12286.28
12221.19
12392.46
12418.42
12407.45
12359.31
12394.51
12459.52
12449.91
12469.96
12423.12
12474.69
12578.19
12623.83
12720.25
12708.37
12673.63
12756.96
12733.95
12659.17
12654.78
12632.76
12716.54
12705.04
12860.72
12844.37
12865.79
12884.41
12889.55
12799.11
12871.77
12864.65
12779.81
12903.33
12949.34
12966.22
12937.08
12981.20
12981.13
12976.74
13005.42
12952.29
12980.75
12977.34
12958.65
12756.12
12835.53
12908.62
12920.58
12953.20
13177.15
13192.97
13253.51
13231.94
13238.45
13170.79
13124.40
13045.99
13082.62
13242.09
13195.39
13125.99
13147.94
13211.36
13258.96
13198.19
13067.18
13057.57
12929.44
12716.92
12806.45
12986.20
12850.88
12921.79
13114.56
13028.73
12964.48
13028.20
12927.77
12997.69
13090.11
13204.70
13228.31
13214.16
13278.11
13267.59
13204.62
13035.85
13000.73
12921.81
12831.58
12851.79
12818.49
12695.05
12617.32
12598.32
12443.02
12369.15
12505.38
12501.52
12491.91
12530.74
12454.83
12579.02
12414.41
12391.56
12119.85
12101.08
12125.00
12416.53
12460.81
12553.81
12412.07
12566.38
12497.89
12652.21
12767.02
12744.62
12837.10
12823.10
12574.82
12639.80
12503.57
12532.93
12626.25
12604.60
12879.71
12868.06
12941.85
12889.40
12772.02
12733.87
12653.04
12602.71
12573.73
12776.33
12728.73
12796.98
12909.61
12942.68
12820.45
12720.93
12617.77
12680.59
12888.91
13075.35
13071.72
13007.47
12969.70
12884.82
13099.88
13118.65
13158.10
13174.73
13163.15
13204.93
13168.11
13157.47
13163.24
13251.20
13274.58
13272.10
13198.31
13171.37
13052.82
13157.74
13122.74
13103.46
13101.29
13002.72
13092.15
13036.09
13045.23
13289.53
13308.56
13254.60
13321.62
13329.71
13540.40
13588.57
13552.33
13565.41
13575.17
13597.24
13577.85
13559.92
13458.63
13413.47
13485.89
13437.66
13515.30
13479.21
13495.18
13569.18
13589.26
13582.88
13473.53
13346.28
13325.62
13329.54
13423.84
13539.63
13553.24
13545.33
13344.28
13344.90
13103.53
13079.64
13104.22
13107.44
13099.19
13232.62
13092.28
13112.90
13228.24
12932.81
12811.17
12815.93
12808.71
12746.54
12571.10
12542.31
12590.23
12790.89
12788.36
12833.13
13008.45
12963.38
12875.56
12977.35
13022.05
13027.73
12966.45
12948.96
13026.19
13072.87
13154.89
13170.34
13250.05
13241.38
13170.80
13135.17
13236.61
13351.04
13246.67
13309.95
13190.15
13138.85
13114.97
13095.08
12938.19
13104.30
13413.01
13391.05
13436.13
13377.42
13329.92
13391.82
13471.45
13488.43
13507.32
13534.89
13511.23
13596.02
13649.70
13712.21
13779.33
13825.33
13895.98
13881.93
13954.42
13910.42
13860.58
14009.79
13880.08
13979.30
13986.52
13944.05
13992.97
13971.24
14018.70
13982.91
13973.39
13981.76
14035.67
13927.54
13880.62
14000.57
13784.17
13900.13
14075.37
14054.49
14089.66
14127.82
14253.77
14296.24
14329.49
14397.07
14447.29
14450.06
14455.28
14539.14
14514.11
14452.06
14455.82
14511.73
14421.49
14512.03
14447.75
14559.65
14526.16
14578.54
14572.85
14662.01
14550.35
14606.11
14565.25
14613.48
14673.46
14802.24
14865.14
14865.06
14599.20
14756.78
14618.59
14537.14
14547.51
14567.17
14719.46
14676.30
14700.80
14712.55
14818.75
14839.80
14700.95
14831.58
14973.96
14968.89
15056.20
15105.12
15082.62
15113.42
15091.68
15211.87
15273.92
15234.75
15348.33
15334.97
15387.12
15300.57
15290.74
15307.33
15399.94
15306.02
15322.22
15123.55
15255.22
15168.10
14955.45
15044.46
15247.81
15231.38
15130.39
14992.54
15178.08
15078.71
15186.30
15315.47
15105.51
14760.62
14795.79
14669.69
14769.99
14921.28
15016.58
14911.60
14974.96
14923.73
14995.46
15137.22
15228.46
15298.03
15298.00
15460.69
15459.69
15485.03
15456.92
15465.91
15524.27
15543.97
15547.00
15576.69
15539.17
15547.85
15557.14
15534.49
15528.57
15503.85
15627.56
15651.98
15608.44
15516.21
15477.27
15496.63
15415.22
15420.68
15447.71
15332.71
15112.57
15076.79
15011.82
14993.81
14908.60
14988.78
15014.58
14939.25
14770.99
14817.91
14844.10
14801.55
14832.42
14929.49
14941.55
14927.19
15067.23
15194.13
15327.14
15312.86
15381.36
15503.15
15533.03
15677.86
15635.09
15452.31
15402.54
15339.02
15274.42
15317.45
15249.82
15132.49
15182.65
15127.23
14994.68
15069.30
14938.04
14778.19
14806.39
15126.52
15231.33
15300.30
15170.70
15369.46
15371.71
15401.32
15394.22
15465.34
15414.87
15523.72
15569.19
15572.21
15680.74
15619.92
15558.01
15621.20
15631.22
15628.72
15751.31
15591.54
15759.28
15773.15
15739.50
15806.22
15876.16
15962.72
15974.06
15971.20
15908.07
16008.71
16072.09
16070.93
16073.37
16105.16
16087.12
16004.72
15910.51
15886.50
15825.55
16019.49
16024.12
15970.75
15844.82
15745.66
15759.60
15884.06
15876.57
16162.51
16178.57
16225.25
16295.70
16370.97
16486.37
16484.51
16512.38
16572.17
16456.89
16474.04
16429.02
16527.66
16471.41
16453.62
16434.03
16261.99
16378.03
16477.70
16408.02
16459.27
16420.48
16371.99
16203.29
15879.05
15840.84
15927.08
15743.03
15847.19
15697.69
15372.93
15443.00
15443.83
15630.64
15793.63
15804.17
15993.04
15946.99
16018.08
16153.97
16126.23
16044.15
16135.92
16102.27
16207.34
16180.36
16197.70
16273.23
16321.71
16169.32
16395.88
16360.56
16424.53
16453.10
16419.39
16350.67
16341.55
16106.32
16066.37
16245.93
16335.71
16221.98
16332.69
16303.28
16279.20
16370.71
16268.67
16267.77
16324.22
16458.05
16532.80
16572.36
16576.02
16414.15
16245.16
16256.37
16437.24
16168.87
16028.29
16173.49
16266.23
16424.14
16408.92
16449.38
16513.73
16503.39
16503.26
16363.20
16451.18
16534.86
16580.26
16562.34
16509.75
16529.85
16401.66
16518.16
16551.23
16584.82
16695.92
16716.08
16613.52
16447.32
16490.35
16511.22
16376.17
16532.74
16544.49
16607.42
16674.98
16637.74
16697.33
16716.85
16736.70
16720.00
16739.14
16839.64
16926.08
16940.40
16943.16
16840.48
16734.64
16765.56
16779.21
16806.12
16909.90
16920.62
16946.50
16934.62
16817.68
16866.81
16846.90
16852.49
16828.53
16949.71
16979.00
17063.83
17022.09
16916.83
16980.35
16918.31
16950.93
17055.03
17061.91
17133.45
16978.16
17095.11
17054.97
17117.01
17092.02
17079.50
16956.91
16984.33
16920.11
16869.63
16561.70
16493.72
16559.97
16425.10
16448.29
16369.68
16557.27
16565.55
16567.54
16657.32
16717.01
16664.45
16839.06
16910.03
16983.88
17038.27
17011.81
17079.57
17111.03
17119.06
17083.42
17097.42
17067.24
17083.61
17065.89
17131.71
17110.39
17016.05
17057.41
17044.05
16988.76
17027.16
17131.01
17163.73
17267.21
17271.71
17165.91
17056.64
17204.86
16948.62
17107.69
17070.45
17040.46
16808.27
16802.20
17010.34
16988.25
16718.65
16989.37
16654.88
16535.43
16321.90
16313.30
16137.14
16118.39
16373.15
16406.03
16615.26
16468.07
16677.04
16796.10
16825.19
17005.07
16968.14
17208.78
17390.90
17368.81
17385.76
17491.66
17558.58
17568.98
17615.64
17604.75
17618.69
17653.11
17631.85
17643.09
17685.51
17677.32
17721.02
17812.63
17819.05
17812.25
17830.55
17827.27
17778.85
17880.90
17910.02
17903.05
17954.94
17847.37
17797.99
17534.30
17590.05
17285.74
17173.07
17069.16
17367.85
17778.02
17812.25
17971.51
18035.73
18038.30
18046.58
18035.02
17987.66
17823.07
17821.30
17504.18
17374.78
17591.97
17911.02
17742.05
17645.02
17609.06
17436.30
17320.00
17516.96
17509.96
17557.29
17812.50
17668.11
17638.53
17402.91
17195.29
17416.85
17169.99
17369.97
17664.99
17677.26
17881.54
17821.49
17736.15
17867.86
17862.14
17968.65
18019.80
18045.72
18028.67
17985.77
18140.76
18112.57
18208.67
18224.41
18213.26
18134.05
18281.95
18203.37
18096.90
18135.72
17856.56
17989.56
17662.94
17626.84
17889.05
17751.24
17972.22
17846.80
18072.58
17961.13
18136.73
18110.87
18012.61
17716.27
17673.63
17727.48
17965.37
17778.52
17699.52
17755.50
17884.32
17877.62
17902.51
17956.73
18052.32
17979.11
18045.71
18106.27
18102.56
17841.18
18034.23
17950.82
18031.90
18056.42
18097.89
18035.90
18093.69
18033.33
17859.27
18026.02
18062.53
17934.81
17840.25
17933.64
18187.78
18096.16
18070.37
18062.49
18251.97
18267.25
18300.48
18315.06
18285.87
18286.87
18229.75
18045.08
18154.14
18128.12
18017.82
18033.33
18018.42
18072.47
17905.38
17849.46
17766.95
17765.38
18001.27
18035.83
17890.76
17787.43
17909.58
17944.61
18116.24
18027.63
18121.78
18139.10
17977.11
17892.03
17936.74
17599.96
17638.12
17763.32
17728.08
17684.92
17759.01
17530.38
17561.12
17787.27
17974.61
18053.38
18078.16
18117.58
18085.91
18096.67
17918.35
17853.78
17731.05
17561.78
17449.81
17631.40
17743.24
17755.87
17696.74
17596.93
17555.24
17542.61
17414.94
17375.18
17593.59
17382.93
17401.64
17410.12
17472.66
17537.30
17508.74
17345.32
16990.69
16459.75
15882.27
15676.26
16285.51
16649.42
16632.02
16528.03
16058.35
16364.34
16371.76
16109.93
16505.04
16252.57
16330.40
16450.86
16382.58
16599.51
16738.08
16674.74
16406.10
16477.45
16332.81
16257.11
16205.07
16313.26
16001.76
16057.08
16278.62
16258.25
16502.10
16774.02
16805.42
16904.17
17054.69
17082.29
17113.55
17079.08
16944.86
17141.75
17209.43
17228.47
17225.93
17180.88
17525.11
17649.57
17608.89
17586.69
17771.50
17756.60
17672.62
17819.74
17929.58
17871.25
17855.22
17900.78
17724.13
17769.50
17691.93
17439.25
17229.94
17486.99
17485.49
17739.83
17732.75
17823.61
17770.90
17820.81
17806.04
17802.84
17719.72
17883.14
17741.57
17482.68
17845.49
17703.99
17558.18
17493.17
17574.75
17277.11
17374.78
17530.85
17756.54
17495.04
17154.94
17253.55
17427.63
17593.26
17535.66
17547.37
17711.94
17590.66
17405.48
17147.50
17154.83
16888.36
16519.17
16358.71
16419.11
16526.63
16159.01
16354.33
16009.45
15989.45
15768.87
15921.10
16086.46
15893.16
16168.74
15960.28
16090.26
16453.63
16420.21
16186.20
16329.67
16417.95
16147.51
16005.41
16035.61
15897.82
15691.62
16012.39
16217.98
16483.76
16410.96
16417.13
16610.39
16418.84
16504.38
16712.70
16634.15
16545.67
16851.17
16896.17
16945.00
16991.29
17050.67
16969.17
17006.05
17014.99
17207.49
17217.15
17249.34
17321.38
17481.49
17589.70
17602.71
17588.81
17485.33
17526.08
17512.58
17652.36
17716.05
17661.74
17799.39
17718.03
17605.45
17687.28
17555.39
17586.48
17571.34
17741.66
17912.25
17925.95
17890.20
18012.10
18059.49
18092.84
17985.05
17990.94
17987.38
17996.14
18023.88
17813.09
17783.78
17870.75
17735.02
17664.48
17650.30
17743.85
17726.66
17919.03
17711.12
17711.12
17531.76
17701.46
17501.28
17514.16
17437.32
17507.04
17525.19
17735.09
17859.52
17826.85
17891.50
17754.55
17789.05
17799.80
17825.69
17936.22
17931.91
17969.98
17938.82
17830.50
17710.77
17703.65
17602.23
17733.44
17736.87
17827.33
17832.67
17844.11
17946.63
17355.21
17190.51
17456.02
17712.76
17924.24
17904.45
17807.47
17924.24
17971.22
18161.53
18259.12
18356.78
18414.30
18508.88
18521.55
18503.12
18582.70
18589.96
18524.15
18554.49
18497.37
18473.27
18461.01
18442.52
18434.50
18401.15
18313.08
18351.43
18402.80
18541.89
18538.05
18541.48
18519.08
18595.65
18588.59
18614.48
18537.09
18566.54
18585.17
18535.86
18568.94
18537.50
18471.21
18467.92
18421.29
18491.28
18436.70
18396.57
18466.01
18493.40
18527.71
18486.69
18404.17
18028.95
18262.99
18073.39
18024.91
18217.21
18154.82
18175.36
18164.96
18343.76
18377.36
18217.76
18099.21
18240.22
18322.88
18181.80
18279.60
18267.68
18205.50
18280.42
18295.35
18282.95
18308.43
18132.63
18088.32
18177.35
18135.85
18145.06
18178.21
18161.87
18152.63
18197.14
18206.52
18103.80
18234.81
18193.79
18176.60
18158.24
18017.72
17978.75
17928.35
17994.64
18251.38
18317.26
18603.14
18781.65
18876.77
18858.21
18909.85
18866.22
18905.33
18898.68
18970.39
19015.52
19093.72
19122.14
19064.07
19135.64
19149.20
19161.25
19244.35
19219.91
19241.99
19559.94
19631.35
19770.20
19852.21
19876.13
19811.50
19909.01
19836.66
19920.59
19968.97
19922.68
19908.61
19943.46
19964.31
19835.46
19833.17
19872.86
19890.94
19924.56
19906.96
19931.41
19876.35
19887.38
19926.21
19912.54
19848.82
19822.73
19813.55
19795.06
19794.79
19794.68
19994.48
20076.25
20103.36
20028.62
19913.16
19923.81
19858.34
19964.21
20025.61
20107.62
20049.29
20061.73
20211.23
20338.54
20374.22
20504.27
20627.31
20564.13
20663.43
20715.41
20817.21
20751.91
20808.71
20833.88
20957.29
21128.91
21008.75
20955.71
20934.89
20940.44
20864.32
20919.01
20899.28
20848.60
20874.78
20969.27
20965.37
20916.27
20956.33
20640.42
20645.07
20674.45
20488.35
20542.14
20675.75
20662.79
20700.34
20665.17
20634.94
20745.06
20653.77
20647.81
20668.22
20644.32
20637.95
20561.69
20484.75
20561.39
20503.52
20406.68
20578.10
20723.59
20915.51
21009.95
20991.12
20987.39
20962.73
20941.19
20915.00
20987.83
20929.04
20991.26
21022.28
20958.49
20925.72
20893.19
20923.63
20984.48
20846.17
20579.65
20698.28
20867.77
20908.67
20949.21
21062.96
21070.15
21045.49
21048.46
21030.55
21142.09
21195.03
21145.48
21171.57
21169.76
21208.96
21259.95
21256.83
21342.71
21291.69
21335.93
21444.75
21521.25
21466.39
21407.98
21380.92
21434.68
21411.19
21372.36
21487.38
21348.60
21392.30
21492.83
21423.93
21354.66
21381.23
21410.17
21467.93
21537.19
21532.77
21633.97
21589.94
21569.25
21641.54
21591.72
21577.78
21638.56
21690.38
21717.42
21787.51
21863.39
21961.42
22004.36
22007.58
22058.39
22100.20
22095.14
22022.34
21988.20
21883.32
21945.64
22029.91
22031.93
21984.74
21724.88
21671.36
21739.78
21850.27
21839.90
21819.08
21832.50
21718.00
21859.76
21936.01
21981.77
21912.37
21815.76
21820.38
21764.43
21927.79
22090.56
22103.47
22144.96
22252.44
22297.92
22349.70
22351.38
22414.02
22334.07
22320.47
22322.03
22330.93
22306.83
22358.47
22423.47
22564.45
22645.67
22669.08
22762.03
22779.73
22784.76
22827.65
22854.85
22876.43
22892.92
22952.41
23087.13
23107.47
23205.18
23348.95
23346.78
23431.09
23380.89
23419.16
23405.75
23369.22
23442.90
23463.24
23549.59
23533.96
23574.03
23542.60
23492.09
23432.71
23367.47
23388.40
23334.59
23365.34
23433.77
23370.71
23500.15
23597.24
23552.75
23552.86
23625.19
23883.26
24013.80
24305.40
24424.11
24335.01
24171.90
24116.60
24263.26
24338.11
24452.96
24525.19
24631.01
24585.71
24739.56
24834.38
24838.09
24778.26
24764.04
24715.84
24766.52
24807.21
24849.63
24809.35
24850.45
24964.86
25114.92
25308.40
25312.05
25348.13
25398.60
25638.39
25987.62
25910.78
26149.55
25987.35
26025.32
26214.87
26282.07
26313.06
26466.74
26584.28
26198.45
26268.17
26083.04
26061.79
25337.87
24085.17
24892.87
24902.30
23992.67
24337.76
24540.33
24535.82
25047.82
25165.94
25124.91
24988.06
24855.41
25050.51
25403.35
25735.78
25485.15
25024.04
24394.91
24471.31
24965.89
24758.15
24853.41
25004.89
25372.44
25257.75
25086.97
24837.29
24877.34
24893.69
24650.64
24723.49
24526.01
23995.18
23825.74
24276.62
23883.08
23949.18
24076.60
23698.33
23654.15
24313.91
24373.60
24037.52
24198.95
24274.19
24302.82
24582.82
24483.15
24681.79
24820.85
24711.30
24657.39
24488.07
24579.94
24070.20
24128.72
24342.14
24410.41
24117.29
24097.63
23836.23
23865.22
24317.66
24341.35
24399.18
24591.66
24758.64
24879.37
24809.55
24722.32
24752.40
24707.72
24883.06
25047.55
24757.71
24877.36
24781.29
24606.59
24467.83
24620.79
24542.09
24727.55
24820.12
24854.14
25192.14
25209.29
25336.67
25346.82
25328.65
25254.65
25116.71
24944.28
24763.59
24771.17
24639.21
24526.97
24463.73
24281.89
24303.11
24064.19
24323.93
24161.53
24359.39
24285.82
24352.47
24519.20
24806.97
24789.48
24802.90
24926.07
25025.58
25033.92
25133.79
25139.15
25041.14
25036.90
25092.43
25183.70
25468.55
25520.52
25439.32
25345.21
25461.63
25256.45
25360.37
25437.43
25551.65
25615.72
25589.79
25401.19
25327.19
25215.69
25235.37
25294.97
25550.80
25727.70
25786.99
25825.06
25714.86
25688.58
25882.71
26092.70
26082.53
26099.01
25964.85
25916.07
25919.84
25973.02
25951.02
25991.91
25841.14
25989.07
26083.94
26169.56
26151.66
26076.21
26287.84
26519.39
26726.25
26705.25
26601.58
26536.86
26418.27
26407.66
26598.36
26648.91
26833.47
26784.08
26632.77
26399.45
26469.19
26441.73
25518.39
25407.63
25332.46
25351.53
25705.87
25645.56
25421.09
25492.14
25038.46
25172.88
24736.54
24770.25
24818.98
24482.04
25008.82
25142.08
25443.60
25261.47
25452.83
25788.46
26139.59
26149.11
25959.33
25321.21
25388.08
25061.48
25242.35
25392.61
24618.68
24541.65
24336.40
24364.13
24557.02
24832.84
25343.65
25307.14
25779.57
25752.56
24737.42
24918.82
24360.95
24719.91
24509.09
24575.86
24408.04
23986.83
23769.13
23693.33
23224.12
22871.74
22317.28
21857.73
22629.06
23213.61
23153.94
23058.61
23176.39
22894.92
23474.26
23680.32
23844.27
23811.11
23940.01
23880.53
23914.11
24139.91
24147.09
24534.19
24607.76
24577.25
24579.96
24687.21
24596.98
24519.62
24826.52
24954.48
25025.31
25062.12
25287.93
25371.57
25265.81
25042.36
25142.81
25152.03
25480.86
25460.65
25564.63
25849.85
25872.26
25922.41
25906.27
26126.15
26051.61
25995.60
25984.28
26019.67
26122.19
25829.07
25818.76
25645.45
25347.38
25208.00
25600.30
25637.23
25692.31
25720.96
25801.88
25987.87
25867.79
25688.44
25844.65
25490.72
25649.56
25676.34
25693.32
25827.31
26075.10
26213.55
26238.03
26213.42
26427.56
26312.67
26243.54
26173.71
26188.21
26357.79
26407.76
26482.19
26468.53
26463.37
26510.77
26513.83
26652.56
26426.37
26454.62
26559.87
26594.56
26639.06
26407.15
26379.14
26160.62
26276.90
25933.79
25878.85
25763.72
25568.06
25384.03
25400.13
25692.14
25719.95
25655.31
25782.34
25818.46
25657.99
25551.07
25616.55
25231.46
25139.94
25046.31
24830.16
24962.82
25451.00
25567.45
25768.72
26090.22
26180.59
26040.30
26036.94
26076.36
26108.53
26228.90
26490.16
26665.38
26749.12
26727.61
26731.61
26599.42
26523.72
26605.93
26805.86
26719.53
26832.32
26867.75
26835.64
26725.12
26851.96
26950.16
27139.49
27364.69
27349.32
27320.91
27191.98
27246.38
27174.18
27231.86
27262.24
27247.39
27166.00
27192.24
27145.39
27244.67
26879.86
26528.66
26259.23
25810.62
25814.22
26086.52
26337.09
26169.91
25888.88
26035.08
25514.25
25678.17
26020.06
26086.86
26145.36
26271.64
26134.21
25826.05
26014.46
25712.99
26249.09
26476.39
26198.26
26301.99
26603.15
26790.25
26866.23
26805.83
26928.05
27197.32
27216.67
27146.06
27010.12
27075.39
27186.05
27102.18
26851.45
27034.07
26866.71
27004.11
26987.26
26852.33
26962.54
26425.86
26039.02
26271.70
26502.33
26276.59
26308.23
26317.35
26694.20
26766.43
26811.20
26972.31
27032.38
27004.49
26852.67
26850.43
26835.24
26893.93
26789.61
27040.33
27061.07
27110.71
27188.37
27142.95
27402.06
27500.23
27502.74
27590.16
27686.20
27580.66
27701.59
27622.04
27757.20
27843.54
27993.22
28079.76
27879.55
27820.28
27831.23
27917.77
28080.75
28156.47
28103.16
28109.74
27501.98
27634.63
27736.05
27839.68
27987.05
27900.65
27867.31
27898.34
28123.64
28191.67
28221.75
28291.44
28278.31
28608.64
28491.78
28572.57
28539.46
28675.34
28654.76
28414.64
28638.97
28553.33
28465.50
28639.18
28556.14
28851.97
28977.52
28869.01
28895.50
28901.80
29131.95
29313.31
29269.05
29263.63
29111.02
29230.39
28542.49
28594.28
28820.53
28640.16
28813.04
28319.65
28696.74
29048.73
29388.58
29286.92
28995.66
29390.71
29406.75
29436.03
29440.47
29282.78
29312.70
29296.25
29146.53
28402.93
28037.65
27159.46
26526.00
25270.83
25590.51
26762.47
26383.68
26671.92
25457.21
24992.36
24453.00
24604.63
22184.71
21973.82
20917.53
20487.05
20188.69
19830.01
20253.15
19028.36
19722.19
21050.34
21468.38
21898.47
21678.22
22208.42
21227.38
20819.46
21285.93
21693.63
23537.44
22893.47
23690.66
23698.93
23690.57
23600.72
23543.66
23817.15
24095.10
23365.25
23437.34
23543.09
23628.24
23866.15
24357.17
24490.37
24585.57
24120.78
23581.55
23958.88
23978.88
23837.21
24107.82
24256.45
24292.84
23702.16
23049.06
23454.83
24059.98
24577.48
24455.94
24564.27
24461.98
24781.84
25298.63
25697.36
25324.15
25342.99
25582.52
25906.88
26226.49
26836.80
27232.93
27447.37
27251.89
26282.51
25659.42
25270.39
26326.68
26330.52
26016.45
26213.10
25865.08
26159.39
25992.96
25365.22
25641.69
25152.45
25512.43
25879.38
25936.45
25996.08
26172.01
25950.06
26094.92
25690.35
26225.07
26044.17
27009.81
26746.57
26774.62
26660.29
26833.14
26824.56
26955.97
26533.41
26447.67
26529.45
26388.44
26367.42
26409.33
26542.32
26664.61
26924.78
27170.82
27321.68
27488.21
27961.64
27860.24
27922.51
27828.93
27970.05
27853.48
27811.26
27622.68
27758.13
28077.58
28347.42
28257.88
28384.07
28601.29
28643.66
28439.61
28736.79
29090.70
28341.05
27925.23
27711.71
28022.51
27613.86
27718.74
28139.76
28031.69
27834.18
27864.87
27484.71
27170.34
27413.60
26716.09
26694.51
27362.14
27560.24
27514.64
27940.63
27536.39
27825.42
28214.24
27971.36
28348.86
28533.61
28671.12
28764.95
28731.30
28323.40
28570.72
28633.55
28245.85
28270.66
28197.42
28409.65
28185.82
27651.18
27102.14
26480.98
26572.27
26691.28
27138.69
27512.83
28083.37
28399.13
29467.90
29254.17
29524.35
29231.91
29203.90
29672.36
29800.15
29875.40
29370.92
29437.57
29332.82
29746.11
30058.87
29911.33
29854.51
29797.50
29695.09
29920.83
29989.56
30233.03
29997.95
30229.81
30032.55
29988.21
30123.91
29919.09
30191.38
30216.00
30314.26
30159.00
30200.20
30046.73
30155.92
30283.23
30492.07
30415.09
30417.64
30627.47
30204.25
30362.78
30901.18
31069.58
31015.37
31015.01
31084.88
31085.67
30926.77
30887.42
31017.54
31198.01
31141.56
30989.85
30968.55
30893.78
30377.19
30553.91
30054.73
30276.88
30689.65
30737.78
31093.81
31191.20
31359.88
31428.02
31466.49
31420.80
31472.08
31485.61
31558.60
31504.13
31381.12
31501.89
31499.75
31955.94
31401.29
31065.90
31535.37
31352.96
31289.01
31029.18
31512.15
31892.35
31906.96
32354.50
32462.40
32798.84
32966.75
32825.52
32928.16
32858.36
32601.82
32691.50
32470.88
32346.81
32681.07
33087.55
33127.88
33116.04
33054.58
33222.38
33500.02
33444.98
33469.89
33526.19
33775.06
33721.16
33668.95
33788.53
34058.16
34182.38
34034.18
33808.30
34109.88
33804.52
34044.23
33932.13
33860.46
33855.64
33988.75
33904.89
34080.20
34163.99
34245.11
34578.27
34785.27
34572.74
34206.40
33624.74
34050.86
34375.29
34351.18
33945.81
33906.30
34121.91
34253.87
34428.66
34336.34
34432.47
34558.50
34584.19
34614.62
34550.31
34618.69
34766.20
34645.84
34626.16
34502.51
34499.81
34472.52
34397.10
34308.48
34014.38
33622.70
33312.07
33872.56
33948.54
33933.91
34328.10
34428.10
34338.89
34290.74
34507.32
34642.42
34790.16
34604.17
34569.01
34457.51
34836.75
34959.96
34920.83
34924.81
35007.94
34528.48
33981.79
34556.96
34799.68
34855.11
35055.86
35078.90
35109.95
34985.99
35013.26
34968.56
34864.10
35047.44
34815.61
35077.44
35229.67
35135.17
35300.89
35481.94
35551.56
35490.83
35500.01
35310.20
34874.67
34917.96
35160.97
35382.72
35388.77
35449.68
35231.11
35471.80
35391.38
35387.55
35353.06
35401.73
35373.24
35087.45
35013.08
34949.59
34665.50
34906.90
34580.95
34810.27
34737.86
34459.72
34025.61
34006.87
34296.30
34762.31
34739.27
34747.70
34360.08
34467.98
33930.70
34312.96
34035.25
34198.96
34509.72
34757.57
34723.79
34507.15
34372.71
34443.22
35023.63
35221.02
35325.37
35475.16
35520.32
35607.72
35692.62
35791.05
35835.43
35545.41
35712.28
35833.65
35935.11
36059.09
36107.46
36268.75
36416.46
36404.53
36299.25
36038.78
35963.78
36128.83
36076.18
36159.70
35901.69
35879.09
35631.41
35619.92
35752.31
35366.69
35017.71
35056.99
34678.94
34076.25
34692.78
34633.43
35423.99
35716.85
35722.26
35830.55
35958.93
35605.73
35549.35
36036.28
35800.11
35222.12
35069.50
35491.71
35782.42
35954.48
36302.99
36421.14
36522.48
36385.85
36321.59
36636.00
36722.60
36409.05
36249.59
36175.21
36058.85
36336.16
36312.49
35996.43
35661.76
35412.30
35102.66
34701.69
34070.61
34186.64
34520.82
34261.75
34135.24
34691.17
35151.47
35378.19
35520.08
35095.74
35108.38
35160.68
35614.90
35630.81
35267.89
34694.50
34686.19
34951.83
34858.47
34310.45
33974.09
33680.97
32830.33
33277.22
33870.62
33813.48
33379.51
33972.87
33655.43
33579.75
32885.17
32860.42
33106.77
33279.72
33000.37
32989.27
33653.93
33995.39
34466.72
34669.85
34583.24
34748.84
34406.81
34702.39
34833.03
35114.35
35273.63
35201.52
34740.89
34799.98
34876.33
34520.34
34439.24
34569.24
34630.27
34412.51
34166.64
34628.46
34411.49
34394.62
34962.67
35258.80
34727.38
33731.65
33907.49
33450.92
33425.96
33787.01
32978.49
33086.09
33171.80
33854.17
32773.88
32685.17
32504.09
32123.24
31699.04
31963.86
32152.15
32427.00
32468.67
31262.62
31426.94
31395.89
31717.61
31816.31
32248.17
32735.09
33160.59
33156.31
32809.01
32986.32
33032.04
32783.03
33087.07
32828.62
32053.52
31144.91
30592.34
30570.50
30305.74
29912.70
30074.69
30352.57
30570.33
30846.94
31533.60
31549.05
31067.41
30790.00
30737.77
30903.12
30957.30
31190.65
31348.43
31277.98
31113.31
30743.63
30451.80
30775.37
31475.98
31165.91
31829.99
31826.49
32167.92
31950.93
31950.04
31865.05
32197.62
32515.62
32755.71
32691.29
32514.21
32805.69
32593.90
32877.36
32807.36
33130.63
33451.51
33430.72
33710.70
33924.35
34029.55
33981.86
33904.69
33586.59
33033.52
32899.01
33029.27
33293.43
32188.00
32163.84
31827.15
31454.58
31848.50
31343.79
31145.63
31481.95
31876.22
32159.49
32006.50
31141.02
31124.68
30866.61
30722.86
30888.53
30819.39
30204.52
29955.65
29536.84
29419.88
29198.92
29513.73
29123.03
28855.25
29826.67
30078.36
30206.13
29685.27
29419.09
29085.20
29233.06
28755.83
30192.21
30059.58
30697.52
30439.04
30411.92
30291.18
31187.32
31463.65
31738.44
32062.14
32204.31
32754.27
32862.79
32576.28
31985.05
32265.01
32454.10
32934.56
33004.47
33263.91
33797.75
33662.05
33755.94
33554.93
33329.27
33606.59
33760.30
33810.05
34091.57
34213.04
34275.91
33847.80
33795.43
34533.59
34265.45
34335.73
33936.87
33556.40
33695.97
33746.71
33519.50
34268.44
34086.07
33773.00
33166.46
32921.45
32735.24
33028.09
33233.35
32961.06
33224.23
33264.76
33021.43
33121.61
33148.90
33165.14
33191.72
33055.30
33664.39
33516.43
33754.03
34047.86
34075.31
34222.32
33948.49
33171.35
33073.46
33439.56
33444.72
33538.36
33771.66
33952.93
33909.21
33803.56
34039.60
34129.30
33926.30
33874.44
33769.78
34132.90
34105.61
33671.54
33887.39
34194.09
34008.63
33992.09
33677.01
33699.69
33169.33
33175.39
32999.19
32906.16
32873.47
32656.37
32780.97
33076.33
33425.32
33428.31
32872.08
32876.83
32185.14
31819.93
32055.29
31759.87
31827.65
32217.32
31872.33
32420.71
32570.19
32101.49
32038.22
32276.72
32434.85
32566.54
32807.43
32901.96
33245.78
33594.79
33394.60
33420.96
33425.25
33586.75
33764.21
33668.97
33981.71
33930.46
33965.16
33889.83
33740.60
33793.60
33805.04
33828.34
33596.34
33381.66
33797.43
34116.81
34017.62
33726.64
33347.78
33248.55
33715.15
33589.85
33707.20
33383.89
33370.58
33321.21
33275.37
33092.48
33374.56
33582.95
33408.54
33190.60
33021.76
32854.26
32795.50
33103.65
32948.71
32929.85
33187.58
33771.13
33547.67
33562.47
33656.98
33852.44
33906.80
34111.08
34044.70
33945.98
34464.02
34206.66
33990.56
33900.47
33835.66
33730.79
33739.03
33881.38
33854.57
34269.92
34369.78
34344.72
34171.39
33837.07
33705.68
34056.94
34395.28
34412.31
34425.33
34499.74
34597.08
34991.21
35091.98
35274.32
35230.79
35421.49
35345.99
35558.79
35443.49
35465.97
35585.99
35551.92
35194.56
35230.13
35125.60
35345.40
35324.28
35231.54
35111.36
35273.89
35219.37
34914.96
34829.61
34368.36
34531.28
34494.17
34338.59
34439.83
34217.06
34441.64
34531.12
34847.80
34909.09
34876.24
34843.22
34611.68
34351.18
34487.41
34650.01
34620.02
34667.28
34687.50
34902.04
34612.29
34571.84
34575.50
34332.23
34077.08
33907.59
33862.68
33682.81
33519.44
33882.61
33455.50
33318.84
33034.18
33099.23
33040.70
33259.84
33683.41
33822.20
33845.65
33733.34
33832.42
33869.84
33960.25
33669.52
33365.27
32993.02
33089.64
33203.53
33017.17
32782.40
32537.54
33029.11
33081.87
33457.82
33988.83
34092.61
34075.65
34185.92
34163.71
34020.82
34259.25
34581.20
34906.72
34868.03
34964.82
34932.49
35104.84
35189.33
35299.90
35376.44
35332.13
35436.80
35596.57
35914.45
36089.38
36135.65
36183.73
36124.17
36084.82
36254.33
36442.10
36601.80
37115.63
37194.50
37330.14
37311.82
37520.13
37225.32
37349.27
37405.90
37518.62
37661.52
37701.63
37566.22
37629.23
37425.28
37455.46
37327.37
37523.55
37552.91
37747.14
37818.05
37493.54
37281.86
37300.81
37572.50
37919.55
37959.79
37975.37
37862.57
38006.68
38115.83
38298.23
38426.78
38175.34
38448.10
38546.77
38392.90
38613.89
38702.11
38731.97
38656.76
38699.17
38372.67
38397.94
38751.71
38576.26
38483.66
38845.19
39127.97
39144.79
39087.90
38938.08
39013.75
38989.51
38968.77
38906.98
38721.15
38784.30
38776.80
38667.21
38883.32
39054.58
39122.39
38809.65
38826.93
38819.61
39072.05
39661.03
39774.06
39410.54
39338.32
39461.98
39763.74
39807.93
39256.27
39139.59
39343.60
38664.98
38916.42
38983.66
38662.28
38523.26
38319.14
38075.38
37992.22
37949.67
37847.21
37801.98
38116.89
38356.07
38552.79
38052.09
38114.70
38282.16
38337.40
37845.56
38075.65
38709.36
38762.43
38858.94
38818.90
39064.27
39466.52
39591.28
39466.76
39615.10
39912.34
39911.72
39989.76
39804.40
39863.33
39694.95
39089.23
39028.99
38716.28
38368.35
38140.26
38709.99
38518.86
38774.82
38825.40
38861.24
38784.90
38795.71
38950.65
38677.12
38528.39
38565.18
38779.12
38804.73
39208.51
39184.49
39398.79
39063.15
39107.10
39092.39
39186.20
39108.25
39358.95
39313.40
39391.98
39357.37
39272.45
39695.18
39783.28
40138.40
40263.78
40862.57
41156.56
40592.35
40414.49
40443.73
40210.63
39828.63
40140.86
40665.71
40622.13
40768.88
40916.96
40075.33
39056.19
38736.22
39230.09
38940.38
39408.06
39556.01
39445.27
39800.59
40295.74
40528.86
40670.83
40874.52
40881.03
40932.23
40879.12
41200.84
41186.28
41250.17
41345.50
41366.16
41489.67
40872.06
41056.33
40756.81
40555.11
40916.50
40638.76
40862.11
41153.70
41435.17
41723.78
41628.91
41972.56
41959.43
42060.40
42234.99
42236.09
42113.42
42227.95
42289.75
42262.97
42125.14
42099.53
42248.26
42289.51
42022.65
42070.32
42511.37
42507.53
42800.89
43240.17
42706.49
43119.81
43187.12
43222.21
42876.84
42834.40
42522.55
42477.51
42264.54
42323.48
42249.81
41956.34
41869.82
42004.66
41835.49
42850.40
43718.92
43768.53
44057.65
44359.21
43880.46
44032.38
43587.93
43431.89
43243.27
43296.05
43538.70
43871.63
44385.49
44614.89
44837.75
44760.05
44925.86
44769.58
44941.05
45038.44
44824.29
44637.97
44291.57
44300.41
44168.66
43929.15
43825.76
43656.47
43459.72